%% 5.1 c)

h1_noise = (63.48 - 3.915)/2;
h2_noise = (5.371 - 1.979)/2;

sine_freq = 0.05;